CONFIG 28 34 124
DT 45 50 12 20
CONFIG 28 34 124
DT 47 50 18 12
CONFIG 28 34 124
DT 49 50 14 14
CONFIG 28 34 124
DT 65 50 12 22
CONFIG 28 34 124
DT 51 50 22 18
CONFIG 28 34 124
DT 53 50 32 14
CONFIG 28 34 124
DT 57 50 10 10
CONFIG 28 34 124
DT 49 50 8  2
CONFIG 28 34 124
DT 55 50 4  6
CONFIG 28 34 124
DT 35 50 20 10
CONFIG 28 34 124
DT 40 50 32 12
CONFIG 28 34 124
DT 45 50 14 16
CONFIG 28 34 124
DT 42 50 22 20
CONFIG 28 34 124
DT 44 50 26 22
CONFIG 28 34 124
DT 44 50 30 18
CONFIG 28 34 124
DT 49 50 24 16
CONFIG 28 34 124
DT 60 50 15 15
CONFIG 28 34 124
DT 62 50 25 19
CONFIG 28 34 124
DT 64 50 14 29
CONFIG 28 34 124
DT 75 50 30 32
CONFIG 28 34 124
DT 79 50 34 20
CONFIG 28 34 124
DT 81 50 37 18
CONFIG 28 34 124
DT 70 50 29 16
CONFIG 28 34 124
DT 65 50 25 14
CONFIG 28 34 124
DT 55 50 80 25
CONFIG 28 34 124
CONFIG 34 48 110
DT 45 50 12 20
CONFIG 34 48 110
DT 47 50 18 12
CONFIG 34 48 110
DT 49 50 14 14
CONFIG 34 48 110
DT 65 50 12 22
CONFIG 34 48 110
DT 51 50 22 18
CONFIG 34 48 110
DT 53 50 32 14
CONFIG 34 48 110
DT 57 50 10 10
CONFIG 34 48 110
DT 49 50 8  2
CONFIG 34 48 110
DT 55 50 4  6
CONFIG 34 48 110
DT 35 50 20 10
CONFIG 34 48 110
DT 40 50 32 12
CONFIG 34 48 110
DT 45 50 14 16
CONFIG 34 48 110
DT 42 50 22 20
CONFIG 34 48 110
DT 44 50 26 22
CONFIG 34 48 110
DT 44 50 30 18
CONFIG 34 48 110
DT 49 50 24 16
CONFIG 34 48 110
DT 60 50 15 15
CONFIG 34 48 110
DT 62 50 25 19
CONFIG 34 48 110
DT 64 50 14 29
CONFIG 34 48 110
DT 75 50 30 32
CONFIG 34 48 110
DT 79 50 34 20
CONFIG 34 48 110
DT 81 50 37 18
CONFIG 34 48 110
DT 70 50 29 16
CONFIG 34 48 110
DT 65 50 25 14
CONFIG 34 48 110
DT 55 50 80 25
CONFIG 34 48 110
DT 45 50 12 20
DT 47 50 18 12
DT 49 50 14 14
DT 65 50 12 22
DT 51 50 22 18
DT 53 50 32 14
DT 57 50 10 10
DT 49 50 8  2
DT 55 50 4  6
DT 35 50 20 10
DT 40 50 32 12
DT 45 50 14 16
DT 42 50 22 20
DT 44 50 26 22
DT 44 50 30 18
DT 49 50 24 16
DT 60 50 15 15
DT 62 50 25 19
DT 64 50 14 29
DT 75 50 30 32
DT 79 50 34 20
DT 81 50 37 18
DT 70 50 29 16
DT 65 50 25 14
DT 55 50 80 25
